=~=~=~=~=~=~=~=~=~=~=~= PuTTY log 2023.07.10 23:35:52 =~=~=~=~=~=~=~=~=~=~=~=
0
527598
0
527682
0
527767
0
527851
0
527936
0
528020
0
528105
0
528189
0
528274
0
528358
0
528443
0
528528
0
528612
0
528697
0
528781
0
528866
0
528950
0
529035
0
529119
0
529204
0
529288
0
529373
0
529457
0
529542
0
529626
0
529711
0
529795
0
529880
0
529964
0
530049
0
530134
0
530218
0
530303
0
530387
0
530472
0
530556
0
530641
0
530725
0
530810
0
530894
0
530979
0
531063
0
531148
0
531232
0
531317
0
531401
0
531486
0
531570
0
531655
0
531739
0
531824
0
531909
0
531993
0
532078
0
532162
0
532247
0
532331
0
532416
0
532500
0
532585
0
532669
0
532754
0
532838
0
532923
0
533007
0
533092
0
533176
0
533261
0
533345
0
533430
0
533515
0
533599
0
533684
0
533768
0
533853
0
533937
0
534022
0
534106
0
534191
0
534275
0
534360
0
534444
0
534529
0
534613
0
534698
0
534782
0
534867
0
534951
0
535036
0
535121
0
535205
0
535290
0
535374
0
535459
0
535543
0
535628
0
535712
0
535797
0
535881
0
535966
0
536050
0
536135
0
536219
0
536304
0
536388
0
536473
0
536557
0
536642
0
536726
0
536811
0
536896
0
536980
0
537065
0
537149
0
537234
0
537318
0
537403
0
537487
0
537572
0
537656
0
537741
0
537825
0
537910
0
537994
0
538079
0
538163
0
538248
0
538332
0
538417
0
538502
0
538586
0
538671
0
538755
0
538840
0
538924
0
539009
0
539093
0
539178
0
539262
0
539347
0
539431
0
539516
0
539600
0
539685
0
539769
0
539854
0
539938
0
540023
0
540107
0
540192
0
540277
0
540361
0
540446
0
540530
0
540615
0
540699
0
540784
0
540868
0
540953
0
541037
0
541122
0
541206
0
541291
0
541375
0
541460
0
541544
0
541629
0
541713
0
541798
0
541883
0
541967
0
542052
0
542136
0
542221
0
542305
0
542390
0
542474
0
542559
0
542643
0
542728
0
542812
0
542897
0
542981
0
543066
0
543150
0
543235
0
543319
0
543404
0
543488
0
543573
0
543658
0
543742
0
543827
0
543911
0
543996
0
544080
0
544165
0
544249
0
544334
0
544418
0
544503
0
544587
0
544672
0
544756
0
544841
0
544925
0
545010
0
545094
0
545179
0
545264
0
545348
0
545433
0
545517
0
545602
0
545686
0
545771
0
545855
0
545940
0
546024
0
546109
0
546193
0
546278
0
546362
0
546447
0
546531
0
546616
0
546700
0
546785
0
546870
0
546954
0
547039
0
547123
0
547208
0
547292
0
547377
0
547461
0
547546
0
547630
0
547715
0
547799
0
547884
0
547968
0
548053
0
548137
0
548222
0
548306
0
548391
0
548475
0
548560
0
548645
0
548729
0
548814
0
548898
0
548983
0
549067
0
549152
0
549236
0
549321
0
549405
0
549490
0
549574
0
549659
0
549743
0
549828
0
549912
0
549997
0
550081
0
550166
0
550251
0
550335
0
550420
0
550504
0
550589
0
550673
0
550758
0
550842
0
550927
0
551011
0
551096
0
551180
0
551265
0
551349
0
551434
0
551518
0
551603
0
551687
0
551772
0
551856
0
551941
0
552026
0
552110
0
552195
0
552279
0
552364
0
552448
0
552533
0
552617
0
552702
0
552786
0
552871
0
552955
0
553040
0
553124
0
553209
0
553293
0
553378
0
553462
0
553547
0
553632
0
553716
0
553801
0
553885
0
553970
0
554054
0
554139
0
554223
0
554308
0
554392
0
554477
0
554561
0
554646
0
554730
0
554815
0
554899
0
554984
0
555068
0
555153
0
555238
0
555322
0
555407
0
555491
0
555576
0
555660
0
555745
0
555829
0
555914
0
555998
0
556083
0
556167
0
556252
0
556336
0
556421
0
556505
0
556590
0
556674
0
556759
0
556843
0
556928
0
557013
0
557097
0
557182
0
557266
0
557351
0
557435
0
557520
0
557604
0
557689
0
557773
0
557858
0
557942
0
558027
0
558111
0
558196
0
558280
0
558365
0
558449
0
558534
0
558619
0
558703
0
558788
0
558872
0
558957
0
559041
0
559126
0
559210
0
559295
0
559379
0
559464
0
559548
0
559633
0
559717
0
559802
0
559886
0
559971
0
560055
0
560140
0
560224
0
560309
0
560394
0
560478
0
560563
0
560647
0
560732
0
560816
0
560901
0
560985
0
561070
0
561154
0
561239
0
561323
0
561408
0
561492
0
561577
0
561661
0
561746
0
561830
0
561915
0
562000
0
562084
0
562169
0
562253
0
562338
0
562422
0
562507
0
562591
0
562676
0
562760
0
562845
0
562929
0
563014
0
563098
0
563183
0
563267
0
563352
0
563436
0
563521
0
563605
0
563690
0
563775
0
563859
0
563944
0
564028
0
564113
0
564197
0
564282
0
564366
0
564451
0
564535
0
564620
0
564704
0
564789
0
564873
0
564958
0
565042
0
565127
0
565211
0
565296
0
565381
0
565465
0
565550
0
565634
0
565719
0
565803
0
565888
0
565972
0
566057
0
566141
0
566226
0
566310
0
566395
0
566479
0
566564
0
566648
0
566733
0
566817
0
566902
0
566987
0
567071
0
567156
0
567240
0
567325
0
567409
0
567494
0
567578
0
567663
0
567747
0
567832
0
567916
0
568001
0
568085
0
568170
0
568254
0
568339
0
568423
0
568508
0
568592
0
568677
0
568762
0
568846
0
568931
0
569015
0
569100
0
569184
0
569269
0
569353
0
569438
0
569522
0
569607
0
569691
0
569776
0
569860
0
569945
0
570029
0
570114
0
570198
0
570283
0
570368
0
570452
0
570537
0
570621
0
570706
0
570790
0
570875
0
570959
0
571044
0
571128
0
571213
0
571297
0
571382
0
571466
0
571551
0
571635
0
571720
0
571804
0
571889
0
571973
0
572058
0
572143
0
572227
0
572312
0
572396
0
572481
0
572565
0
572650
0
572734
0
572819
0
572903
0
572988
0
573072
0
573157
0
573241
0
573326
0
573410
0
573495
0
573579
0
573664
0
573749
0
573833
0
573918
0
574002
0
574087
0
574171
0
574256
0
574340
0
574425
0
574509
0
574594
0
574678
0
574763
0
574847
0
574932
0
575016
0
575101
0
575185
0
575270
0
575355
0
575439
0
575524
0
575608
0
575693
0
575777
0
575862
0
575946
0
576031
0
576115
0
576200
0
576284
0
576369
0
576453
0
576538
0
576622
0
576707
0
576791
0
576876
0
576960
0
577045
0
577130
0
577214
0
577299
0
577383
0
577468
0
577552
0
577637
0
577721
0
577806
0
577890
0
577975
0
578059
0
578144
0
578228
0
578313
0
578397
0
578482
0
578566
0
578651
0
578736
0
578820
0
578905
0
578989
0
579074
0
579158
0
579243
0
579327
0
579412
0
579496
0
579581
0
579665
0
579750
0
579834
0
579919
0
580003
0
580088
0
580172
0
580257
0
580341
0
580426
0
580511
0
580595
0
580680
0
580764
0
580849
0
580933
0
581018
0
581102
0
581187
0
581271
0
581356
0
581440
0
581525
0
581609
0
581694
0
581778
0
581863
0
581947
0
582032
0
582117
0
582201
0
582286
0
582370
0
582455
0
582539
0
582624
0
582708
0
582793
0
582877
0
582962
0
583046
0
583131
0
583215
0
583300
0
583384
0
583469
0
583553
0
583638
0
583722
0
583807
0
583892
0
583976
0
584061
0
584145
0
584230
0
584314
0
584399
0
584483
0
584568
0
584652
0
584737
0
584821
0
584906
0
584990
0
585075
0
585159
0
585244
0
585328
0
585413
0
585498
0
585582
0
585667
0
585751
0
585836
0
585920
0
586005
0
586089
0
586174
0
586258
0
586343
0
586427
0
586512
0
586596
0
586681
0
586765
0
586850
0
586934
0
587019
0
587104
0
587188
0
587273
0
587357
0
587442
0
587526
0
587611
0
587695
0
587780
0
587864
0
587949
0
588033
0
588118
0
58820
0
52766
0
52851
0
52935
0
53019
0
53104
0
53188
0
53273
0
53357
0
53442
0
53526
0
53611
0
53695
0
53779
0
53864
0
53948
0
54033
0
54117
0
54202
0
54286
0
54371
0
54455
0
54539
0
54624
0
54708
0
54793
0
54877
0
54962
0
55046
0
55131
0
55215
0
55300
0
55384
0
55468
0
55553
0
55637
0
55722
0
55806
0
55891
0
55975
0
56060
0
56144
0
56228
0
56313
0
56397
0
56482
0
56566
0
56651
0
56735
0
56820
0
56904
0
56988
0
57073
0
57157
0
57242
0
57326
0
57411
0
57495
0
57580
0
57664
0
57748
0
57833
0
57917
0
58002
0
58086
0
58171
0
58255
0
58340
0
58424
0
58508
0
58593
0
58677
0
58762
0
58846
0
58931
0
59015
0
59100
0
59184
0
59268
0
59353
0
59437
0
59522
0
59606
0
59691
0
59775
0
59860
0
59944
0
60028
0
60113
0
60197
0
60282
0
60366
0
60451
0
60535
0
60620
0
60704
0
60788
0
60873
0
60957
0
61042
0
61126
0
61211
0
61295
0
61380
0
61464
0
61548
0
61633
0
61717
0
61802
0
61886
0
61971
0
62055
0
62140
0
62224
0
62308
0
62393
0
62477
0
62562
0
62646
0
62731
0
62815
0
62900
0
62984
0
63068
0
63153
0
63237
0
63322
0
63406
0
63491
0
63575
0
63660
0
63744
0
63828
0
63913
0
63997
0
64082
0
64166
0
64251
0
64335
0
64420
0
64504
0
64589
0
64673
0
64757
0
64842
0
64926
0
65011
0
65095
0
65180
0
65264
0
65349
0
65433
0
65517
0
65602
0
65686
0
65771
0
65855
0
65940
0
66024
0
66109
0
66193
0
66277
0
66362
0
66446
0
66531
0
66615
0
66700
0
66784
0
66869
0
66953
0
67037
0
67122
0
67206
0
67291
0
67375
0
67460
0
67544
0
67629
0
67713
0
67797
0
67882
0
67966
0
68051
0
68135
0
68220
0
68304
0
68389
0
68473
0
68557
0
68642
0
68726
0
68811
0
68895
0
68980
0
69064
0
69149
0
69233
0
69317
0
69402
0
69486
0
69571
0
69655
0
69740
0
69824
0
69909
0
69993
0
70077
0
70162
0
70246
0
70331
0
70415
0
70500
0
70584
0
70669
0
70753
0
70837
0
70922
0
71006
0
71091
0
71175
0
71260
0
71344
0
71429
0
71513
0
71597
0
71682
0
71766
0
71851
0
71935
0
72020
0
72104
0
72189
0
72273
0
72357
0
72442
0
72526
0
72611
0
72695
0
72780
0
72864
0
72949
0
73033
0
73117
0
73202
0
73286
0
73371
0
73455
0
73540
0
73624
0
73709
0
73793
0
73878
0
73962
0
74046
0
74131
0
74215
0
74300
0
74384
0
74469
0
74553
0
74638
0
74722
0
74806
0
74891
0
74975
0
75060
0
75144
0
75229
0
75313
0
75398
0
75482
0
75566
0
75651
0
75735
0
75820
0
75904
0
75989
0
76073
0
76158
0
76242
0
76326
0
76411
0
76495
0
76580
0
76664
0
76749
0
76833
0
76918
0
77002
0
77086
0
77171
0
77255
0
77340
0
77424
0
77509
0
77593
0
77678
0
77762
0
77846
0
77931
0
78015
0
78100
0
78184
0
78269
0
78353
0
78438
0
78522
0
78606
0
78691
0
78775
0
78860
0
78944
0
79029
0
79113
0
79198
0
79282
0
79366
0
79451
0
79535
0
79620
0
79704
0
79789
0
79873
0
79958
0
80042
0
80126
0
80211
0
80295
0
80380
0
80464
0
80549
0
80633
0
80718
0
80802
0
80886
0
80971
0
81055
0
81140
0
81224
0
81309
0
81393
0
81478
0
81562
0
81646
0
81731
0
81815
0
81900
0
81984
0
82069
0
82153
0
82238
0
82322
0
82406
0
82491
0
82575
0
82660
0
82744
0
82829
0
82913
0
82998
0
83082
0
83166
0
83251
0
83335
0
83420
0
83504
0
83589
0
83673
0
83758
0
83842
0
83927
0
84011
0
84095
0
84180
0
84264
0
84349
0
84433
0
84518
0
84602
0
84687
0
84771
0
84855
0
84940
0
85024
0
85109
0
85193
0
85278
0
85362
0
85447
0
85531
0
85615
0
85700
0
85784
0
85869
0
85953
0
86038
0
86122
0
86207
0
86291
0
86375
0
86460
0
86544
0
86629
0
86713
0
86798
0
86882
0
86967
0
87051
0
87135
0
87220
0
87304
0
87389
0
87473
0
87558
0
87642
0
87727
0
87811
0
87895
0
87980
0
88064
0
88149
0
88233
0
88318
0
88402
0
88487
0
88571
0
88655
0
88740
0
88824
0
88909
0
88993
0
89078
0
89162
0
89247
0
89331
0
89415
0
89500
0
89584
0
89669
0
89753
0
89838
0
89922
0
90007
0
90091
0
90175
0
90260
0
90344
0
90429
0
90513
0
90598
0
90682
0
90767
0
90851
0
90935
0
91020
0
91104
0
91189
0
91273
0
91358
0
91442
0
91527
0
91611
0
91695
0
91780
0
91864
0
91949
0
92033
0
92118
0
92202
0
92287
0
92371
0
92455
0
92540
0
92624
0
92709
0
92793
0
92878
0
92962
0
93047
0
93131
0
93216
0
93300
0
93384
0
93469
0
93553
0
93638
0
93722
0
93807
0
93891
0
93976
0
94060
0
94144
0
94229
0
94313
0
94398
0
94482
0
94567
0
94651
0
94736
0
94820
0
94904
0
94989
0
95073
0
95158
0
95242
0
95327
0
95411
0
95496
0
95580
0
95664
0
95749
0
95833
0
95918
0
96002
0
96087
0
96171
0
96256
0
96340
0
96424
0
96509
0
96593
0
96678
0
96762
0
96847
0
96931
0
97016
0
97100
0
97184
0
97269
0
97353
0
97438
0
97522
0
97607
0
97691
0
97776
0
97860
0
97944
0
98029
0
98113
0
98198
0
98282
0
98367
0
98451
0
98536
0
98620
0
98704
0
98789
0
98873
0
98958
0
99042
0
99127
0
99211
0
99296
0
99380
0
99464
0
99549
0
99633
0
99718
0
99802
0
99887
0
99971
0
100056
0
100140
0
100225
0
100309
0
100394
0
100478
0
100563
0
100647
0
100732
0
100816
0
100901
0
100985
0
101070
0
101155
0
101239
0
101324
0
101408
0
101493
0
101577
0
101662
0
101746
0
101831
0
101915
0
102000
0
102084
0
102169
0
102253
0
102338
0
102422
0
102507
0
102592
0
102676
0
102761
0
102845
0
102930
0
103014
0
103099
0
103183
0
103268
0
103352
0
103437
0
103521
0
103606
0
103690
0
103775
0
103860
0
103944
0
104029
0
104113
0
104198
0
104282
0
104367
0
104451
0
104536
0
104620
0
104705
0
104789
0
104874
0
104958
0
105043
0
105128
0
105212
0
105297
0
105381
0
105466
0
105550
0
105635
0
105719
0
105804
0
105888
0
105973
0
106057
0
106142
0
106226
0
106311
0
106396
0
106480
0
106565
0
106649
0
106734
0
106818
0
106903
0
106987
0
107072
0
107156
0
107241
0
107325
0
107410
0
107494
0
107579
0
107664
0
107748
0
107833
0
107917
0
108002
0
108086
0
108171
0
108255
0
108340
0
108424
0
108509
0
108593
0
108678
0
108762
0
108847
0
108931
0
109016
0
109101
0
109185
0
109270
0
109354
0
109439
0
109523
0
109608
0
109692
0
109777
0
109861
0
109946
0
110030
0
110115
0
110199
0
110284
0
110369
0
110453
0
110538
0
110622
0
110707
0
110791
0
110876
0
110960
0
111045
0
111129
0
111214
0
111298
0
111383
0
111467
0
111552
0
111637
0
111721
0
111806
0
111890
0
111975
0
112059
0
112144
0
112228
0
112313
0
112397
0
112482
0
112566
0
112651
0
112735
0
112820
0
112905
0
112989
0
113074
0
113158
0
113243
0
113327
0
113412
0
113496
0
113581
0
113665
0
113750
0
113834
0
113919
0
114003
0
114088
0
114173
0
114257
0
114342
0
114426
0
114511
0
114595
0
114680
0
114764
0
114849
0
114933
0
115018
0
115102
0
115187
0
115271
0
115356
0
115441
0
115525
0
115610
0
115694
0
115779
0
115863
0
115948
0
116032
0
116117
0
116201
0
116286
0
116370
0
116455
0
116539
0
116624
0
116708
0
116793
0
116878
0
116962
0
117047
0
117131
0
117216
0
117300
0
117385
0
117469
0
117554
0
117638
0
117723
0
117807
0
117892
0
117976
0
118061
0
118146
0
118230
0
118315
0
118399
0
118484
0
118568
0
118653
0
118737
0
118822
0
118906
0
118991
0
119075
0
119160
0
119244
0
119329
0
119414
0
119498
0
119583
0
119667
0
119752
0
119836
0
119921
0
120005
0
120090
0
120174
0
120259
0
120343
0
120428
0
120512
0
120597
0
120682
0
120766
0
120851
0
120935
0
121020
0
121104
0
121189
0
121273
0
121358
0
121442
0
121527
0
121611
0
121696
0
121780
0
121865
0
121950
0
122034
0
122119
0
122203
0
122288
0
122372
0
122457
0
122541
0
122626
0
122710
0
122795
0
122879
0
122964
0
123048
0
123133
0
123217
0
123302
0
123387
0
123471
0
123556
0
123640
0
123725
0
123809
0
123894
0
123978
0
124063
0
124147
0
124232
0
124316
0
124401
0
124485
0
124570
0
124655
0
124739
0
124824
0
124908
0
124993
0
125077
0
125162
0
125246
0
125331
0
125415
0
125500
0
125584
0
125669
0
125753
0
125838
0
125923
0
126007
0
126092
0
126176
0
126261
0
126345
0
126430
0
126514
0
126599
0
126683
0
126768
0
126852
0
126937
0
127021
0
127106
0
127191
0
127275
0
127360
0
127444
0
127529
0
127613
0
127698
0
127782
0
127867
0
127951
0
128036
0
128120
0
128205
0
128289
0
128374
0
128459
0
128543
0
128628
0
128712
0
128797
0
128881
0
128966
0
129050
0
129135
0
129219
0
129304
0
129388
0
129473
0
129557
0
129642
0
129726
0
129811
0
129896
0
129980
0
130065
0
130149
0
130234
0
130318
0
130403
0
130487
0
130572
0
130656
0
130741
0
130825
0
130910
0
130994
0
131079
0
131164
0
131248
0
131333
0
131417
0
131502
0
131586
0
131671
0
131755
0
131840
0
131924
0
132009
0
132093
0
132178
0
132262
0
132347
0
132432
0
132516
0
132601
0
132685
0
132770
0
132854
0
132939
0
133023
0
133108
0
133192
0
133277
0
133361
0
133446
0
133530
0
133615
0
133700
0
133784
0
133869
0
133953
0
134038
0
134122
0
134207
0
134291
0
134376
0
134460
0
134545
0
134629
0
134714
0
134798
0
134883
0
134968
0
135052
0
135137
0
135221
0
135306
0
135390
0
135475
0
135559
0
135644
0
135728
0
135813
0
135897
0
135982
0
136066
0
136151
0
136235
0
136320
0
136405
0
136489
0
136574
0
136658
0
136743
0
136827
0
136912
0
136996
0
137081
0
137165
0
137250
0
137334
0
137419
0
137503
0
137588
0
137673
0
137757
0
137842
0
137926
0
138011
0
138095
0
138180
0
138264
0
138349
0
138433
0
138518
0
138602
0
138687
0
138771
0
138856
0
138941
0
139025
0
139110
0
139194
0
139279
0
139363
0
139448
0
139532
0
139617
0
139701
0
139786
0
139870
0
139955
0
140039
0
140124
0
140209
0
140293
0
140378
0
140462
0
140547
0
140631
0
140716
0
140800
0
140885
0
140969
0
141054
0
141138
0
141223
0
141307
0
141392
0
141477
0
141561
0
141646
0
141730
0
141815
0
141899
0
141984
0
142068
0
142153
0
142237
0
142322
0
142406
0
142491
0
142575
0
142660
0
142745
0
142829
0
142914
0
142998
0
143083
0
143167
0
143252
0
143336
0
143421
0
143505
0
143590
0
143674
0
143759
0
143843
0
143928
0
144012
0
144097
0
144182
0
144266
0
144351
0
144435
0
144520
0
144604
0
144689
0
144773
0
144858
0
144942
0
145027
0
145111
0
145196
0
145280
0
145365
0
145450
0
145534
0
145619
0
145703
0
145788
0
145872
0
145957
0
146041
0
146126
0
146210
0
146295
0
146379
0
146464
0
146548
0
146633
0
146718
0
146802
0
146887
0
146971
0
147056
0
147140
0
147225
0
147309
0
147394
0
147478
0
147563
0
147647
0
147732
0
147816
0
147901
0
147986
0
148070
0
148155
0
148239
0
148324
0
148408
0
148493
0
148577
0
148662
0
148746
0
148831
0
148915
0
149000
0
149084
0
149169
0
149254
0
149338
0
149423
0
149507
0
149592
0
149676
0
149761
0
149845
0
149930
0
150014
0
150099
0
150183
0
150268
0
150352
0
150437
0
150521
0
150606
0
150691
0
150775
0
150860
0
150944
0
151029
0
151113
0
151198
0
151282
0
151367
0
151451
0
151536
0
151620
0
151705
0
151789
0
151874
0
151959
0
152043
0
152128
0
152212
0
152297
0
152381
0
152466
0
152550
0
152635
0
152719
0
152804
0
152888
0
152973
0
153057
0
153142
0
153227
0
153311
0
153396
0
153480
0
153565
0
153649
0
153734
0
153818
0
153903
0
153987
0
154072
0
154156
0
154241
0
154325
0
154410
0
154495
0
154579
0
154664
0
154748
0
154833
0
154917
0
155002
0
155086
0
155171
0
155255
0
155340
0
155424
0
155509
0
155593
0
155678
0
155763
0
155847
0
155932
0
156016
0
156101
0
156185
0
156270
0
156354
0
156439
0
156523
0
156608
0
156692
0
156777
0
156861
0
156946
0
157030
0
157115
0
157200
0
157284
0
157369
0
157453
0
157538
0
157622
0
157707
0
157791
0
157876
0
157960
0
158045
0
158129
0
158214
0
158298
0
158383
0
158468
0
158552
0
158637
0
158721
0
158806
0
158890
0
158975
0
159059
0
159144
0
159228
0
159313
0
159397
0
159482
0
159566
0
159651
0
159736
0
159820
0
159905
0
159989
0
160074
0
160158
0
160243
0
160327
0
160412
0
160496
0
160581
0
160665
0
160750
0
160834
0
160919
0
161004
0
161088
0
161173
0
161257
0
161342
0
161426
0
161511
0
161595
0
161680
0
161764
0
161849
0
161933
0
162018
0
162102
0
162187
0
162272
0
162356
0
162441
0
162525
0
162610
0
162694
0
162779
0
162863
0
162948
0
163032
0
163117
0
163201
0
163286
0
163370
0
163455
0
163539
0
163624
0
163709
0
163793
0
163878
0
163962
0
164047
0
164131
0
164216
0
164300
0
164385
0
164469
0
164554
0
164638
0
164723
0
164807
0
164892
0
164977
0
165061
0
165146
0
165230
0
165315
0
165399
0
165484
0
165568
0
165653
0
165737
0
165822
0
165906
0
165991
0
166075
0
166160
0
166245
0
166329
0
166414
0
166498
0
166583
0
166667
0
166752
0
166836
0
166921
0
167005
0
167090
0
167174
0
167259
0
167343
0
167428
0
167513
0
167597
0
167682
0
167766
0
167851
0
167935
0
168020
0
168104
0
168189
0
168273
0
168358
0
168442
0
168527
0
168611
0
168696
0
168781
0
168865
0
168950
0
169034
0
169119
0
169203
0
169288
0
169372
0
169457
0
169541
0
169626
0
169710
0
169795
0
169879
0
169964
0
170049
0
170133
0
170218
0
170302
0
170387
0
170471
0
170556
0
170640
0
170725
0
170809
0
170894
0
170978
0
171063
0
171147
0
171232
0
171316
0
171401
0
171486
0
171570
0
171655
0
171739
0
171824
0
171908
0
171993
0
172077
0
172162
0
172246
0
172331
0
172415
0
172500
0
172584
0
172669
0
172754
0